PRAKTIKUM METNUM 4
??? Input argument "a" is undefined.

Error in ==> Biseksi at 3
fa = f(a);
 
>> f = inline('log(x+0.1)+ 0.5')

f =

     Inline function:
     f(x) = log(x+0.1)+ 0.5

>> a=0

a =

     0

>> b=2

b =

     2

>> n=20

n =

    20

>> m = Biseksi(f,a,b,n)
Iter     a           b         m         fa         fb         abs(y)
  1   0.000000   2.000000  1.000000  -1.802585   1.241937   5.953e-001
  2   0.000000   1.000000  0.500000  -1.802585   1.241937   1.083e-002
  3   0.500000   1.000000  0.750000  -1.802585   1.241937   3.375e-001
  4   0.500000   0.750000  0.625000  -1.802585   1.241937   1.784e-001
  5   0.500000   0.625000  0.562500  -1.802585   1.241937   8.827e-002
  6   0.500000   0.562500  0.531250  -1.802585   1.241937   3.995e-002
  7   0.500000   0.531250  0.515625  -1.802585   1.241937   1.488e-002
  8   0.500000   0.515625  0.507813  -1.802585   1.241937   2.111e-003
  9   0.500000   0.507813  0.503906  -1.802585   1.241937   4.336e-003
 10   0.503906   0.507813  0.505859  -1.802585   1.241937   1.107e-003
 11   0.505859   0.507813  0.506836  -1.802585   1.241937   5.032e-004
 12   0.505859   0.506836  0.506348  -1.802585   1.241937   3.018e-004
 13   0.506348   0.506836  0.506592  -1.802585   1.241937   1.008e-004
 14   0.506348   0.506592  0.506470  -1.802585   1.241937   1.005e-004
 15   0.506470   0.506592  0.506531  -1.802585   1.241937   1.682e-007

m =

   0.506530761718750

>> J=0.00001

J =

    1.000000000000000e-005

>> m=RegulasiFalsi(f,a,b,n,J)
Iter     a           b         m         fa         fb         abs(y)
  1   0.000000   2.000000  1.184150  -1.802585   1.241937   7.501e-001
  2   0.000000   1.184150  0.701105  -1.802585   1.241937   2.782e-001
  3   0.000000   0.701105  0.415107  -1.802585   1.241937   1.634e-001
  4   0.415107   0.701105  0.584439  -1.802585   1.241937   1.208e-001
  5   0.415107   0.584439  0.515364  -1.802585   1.241937   1.446e-002
  6   0.415107   0.515364  0.474467  -1.802585   1.241937   5.431e-002
  7   0.474467   0.515364  0.498681  -1.802585   1.241937   1.303e-002
  8   0.498681   0.515364  0.508559  -1.802585   1.241937   3.338e-003
  9   0.498681   0.508559  0.504529  -1.802585   1.241937   3.305e-003
 10   0.504529   0.508559  0.506915  -1.802585   1.241937   6.336e-004
 11   0.504529   0.506915  0.505942  -1.802585   1.241937   9.711e-004
 12   0.505942   0.506915  0.506518  -1.802585   1.241937   2.069e-005
 13   0.506518   0.506915  0.506753  -1.802585   1.241937   3.668e-004
 14   0.506518   0.506753  0.506657  -1.802585   1.241937   2.087e-004
 15   0.506518   0.506657  0.506601  -1.802585   1.241937   1.152e-004
 16   0.506518   0.506601  0.506567  -1.802585   1.241937   5.974e-005
 17   0.506518   0.506567  0.506547  -1.802585   1.241937   2.693e-005
 18   0.506518   0.506547  0.506535  -1.802585   1.241937   7.507e-006

m =

   0.506535212868724

>> 
>> m = Biseksi(f,a,b,n)
Iter     a           b         m         fa         fb         abs(y)
  1   0.000000   2.000000  1.000000  -1.802585   1.241937   5.953e-001
  2   0.000000   1.000000  0.500000  -1.802585   1.241937   1.083e-002
  3   0.500000   1.000000  0.750000  -1.802585   1.241937   3.375e-001
  4   0.500000   0.750000  0.625000  -1.802585   1.241937   1.784e-001
  5   0.500000   0.625000  0.562500  -1.802585   1.241937   8.827e-002
  6   0.500000   0.562500  0.531250  -1.802585   1.241937   3.995e-002
  7   0.500000   0.531250  0.515625  -1.802585   1.241937   1.488e-002
  8   0.500000   0.515625  0.507813  -1.802585   1.241937   2.111e-003
  9   0.500000   0.507813  0.503906  -1.802585   1.241937   4.336e-003
 10   0.503906   0.507813  0.505859  -1.802585   1.241937   1.107e-003
 11   0.505859   0.507813  0.506836  -1.802585   1.241937   5.032e-004
 12   0.505859   0.506836  0.506348  -1.802585   1.241937   3.018e-004
 13   0.506348   0.506836  0.506592  -1.802585   1.241937   1.008e-004
 14   0.506348   0.506592  0.506470  -1.802585   1.241937   1.005e-004
 15   0.506470   0.506592  0.506531  -1.802585   1.241937   1.682e-007

m =

   0.506530761718750

>> 